site_prob,perc_prob,perc_time
0.05,0.0,0.016
0.1,0.0,0.02
0.15000000000000002,0.0,0.025
0.2,0.0,0.031
0.25,0.0,0.037
0.3,0.0,0.05
0.35000000000000003,0.0,0.063
0.4,0.0,0.086
0.45,0.0,0.131
0.5,0.0,0.208
0.505,0.0,0.221
0.51,0.0,0.243
0.515,0.0,0.258
0.52,0.0,0.284
0.525,0.0,0.331
0.53,0.0,0.326
0.535,0.0,0.394
0.54,0.01,0.417
0.545,0.0,0.447
0.55,0.0,0.52
0.555,0.02,0.694
0.56,0.04,0.64
0.5650000000000001,0.03,0.674
0.5700000000000001,0.05,0.803
0.5750000000000001,0.17,0.964
0.5800000000000001,0.24,1.079
0.5850000000000001,0.32,1.175
0.5900000000000001,0.44,1.422
0.592746,0.51,1.414
0.5950000000000001,0.55,1.554
0.6000000000000001,0.6,1.521
0.6050000000000001,0.82,1.734
0.6100000000000001,0.87,1.841
0.6150000000000001,0.87,1.883
0.6200000000000001,0.98,1.994
0.6250000000000001,0.98,2.101
0.6300000000000001,0.98,2.062
0.6350000000000001,1.0,2.165
0.6400000000000001,1.0,2.214
0.6450000000000001,1.0,2.304
0.6500000000000001,1.0,2.251
0.6550000000000001,1.0,2.313
0.6600000000000001,1.0,2.388
0.6650000000000001,1.0,2.387
0.6700000000000002,1.0,2.397
0.6750000000000002,1.0,2.411
0.6800000000000002,1.0,2.427
0.6850000000000002,1.0,2.451
0.6900000000000002,1.0,2.472
0.6950000000000002,1.0,2.553
0.7,1.0,2.546
0.75,1.0,2.724
0.8,1.0,2.891
0.8500000000000001,1.0,3.058
0.9000000000000001,1.0,3.197
0.9500000000000002,1.0,3.389
1.0000000000000002,1.0,3.621
