site_prob,perc_prob,perc_time
0.05,0.0,0.002
0.1,0.0,0.003
0.15000000000000002,0.0,0.002
0.2,0.0,0.003
0.25,0.0,0.005
0.3,0.0,0.004
0.35000000000000003,0.0,0.007
0.4,0.06,0.007
0.45,0.04,0.011
0.5,0.15,0.013
0.505,0.14,0.014
0.51,0.17,0.013
0.515,0.33,0.016
0.52,0.17,0.014
0.525,0.3,0.017
0.53,0.25,0.016
0.535,0.31,0.015
0.54,0.35,0.018
0.545,0.26,0.016
0.55,0.34,0.016
0.555,0.29,0.017
0.56,0.38,0.018
0.5650000000000001,0.43,0.017
0.5700000000000001,0.43,0.019
0.5750000000000001,0.37,0.018
0.5800000000000001,0.49,0.018
0.5850000000000001,0.52,0.019
0.5900000000000001,0.55,0.021
0.592746,0.55,0.02
0.5950000000000001,0.49,0.02
0.6000000000000001,0.56,0.02
0.6050000000000001,0.57,0.021
0.6100000000000001,0.6,0.021
0.6150000000000001,0.57,0.021
0.6200000000000001,0.65,0.021
0.6250000000000001,0.79,0.022
0.6300000000000001,0.71,0.022
0.6350000000000001,0.75,0.023
0.6400000000000001,0.7,0.022
0.6450000000000001,0.75,0.023
0.6500000000000001,0.7,0.022
0.6550000000000001,0.81,0.025
0.6600000000000001,0.86,0.025
0.6650000000000001,0.78,0.025
0.6700000000000002,0.81,0.025
0.6750000000000002,0.91,0.026
0.6800000000000002,0.79,0.026
0.6850000000000002,0.92,0.026
0.6900000000000002,0.9,0.026
0.6950000000000002,0.88,0.027
0.7,0.88,0.027
0.75,0.96,0.029
0.8,1.0,0.03
0.8500000000000001,1.0,0.032
0.9000000000000001,1.0,0.034
0.9500000000000002,1.0,0.037
1.0000000000000002,1.0,0.038
