site_prob,perc_prob,perc_time
0.05,0.0,0.006
0.1,0.0,0.008
0.15000000000000002,0.0,0.009
0.2,0.0,0.011
0.25,0.0,0.015
0.3,0.0,0.021
0.35000000000000003,0.0,0.025
0.4,0.0,0.034
0.45,0.0,0.054
0.5,0.0,0.092
0.505,0.0,0.092
0.51,0.0,0.089
0.515,0.0,0.097
0.52,0.02,0.108
0.525,0.0,0.118
0.53,0.02,0.131
0.535,0.03,0.137
0.54,0.02,0.139
0.545,0.07,0.159
0.55,0.04,0.16
0.555,0.06,0.192
0.56,0.15,0.21
0.5650000000000001,0.12,0.232
0.5700000000000001,0.17,0.254
0.5750000000000001,0.23,0.263
0.5800000000000001,0.41,0.324
0.5850000000000001,0.31,0.305
0.5900000000000001,0.46,0.333
0.592746,0.5,0.332
0.5950000000000001,0.57,0.348
0.6000000000000001,0.61,0.359
0.6050000000000001,0.75,0.392
0.6100000000000001,0.68,0.397
0.6150000000000001,0.82,0.436
0.6200000000000001,0.87,0.451
0.6250000000000001,0.85,0.463
0.6300000000000001,0.95,0.473
0.6350000000000001,0.94,0.481
0.6400000000000001,0.99,0.509
0.6450000000000001,0.97,0.497
0.6500000000000001,1.0,0.523
0.6550000000000001,1.0,0.533
0.6600000000000001,0.99,0.539
0.6650000000000001,0.99,0.545
0.6700000000000002,1.0,0.549
0.6750000000000002,0.99,0.551
0.6800000000000002,1.0,0.569
0.6850000000000002,1.0,0.567
0.6900000000000002,1.0,0.594
0.6950000000000002,1.0,0.582
0.7,1.0,0.591
0.75,1.0,0.65
0.8,1.0,0.688
0.8500000000000001,1.0,0.744
0.9000000000000001,1.0,0.786
0.9500000000000002,1.0,0.828
1.0000000000000002,1.0,0.901
