site_prob,perc_prob,perc_time
0.05,0.0,0.142
0.1,0.0,0.184
0.15000000000000002,0.0,0.242
0.2,0.0,0.291
0.25,0.0,0.427
0.3,0.0,0.489
0.35000000000000003,0.0,0.623
0.4,0.0,0.882
0.45,0.0,1.267
0.5,0.0,2.157
0.505,0.0,2.335
0.51,0.0,2.476
0.515,0.0,2.612
0.52,0.0,2.875
0.525,0.0,3.032
0.53,0.001,3.253
0.535,0.001,3.675
0.54,0.001,4.019
0.545,0.003,4.372
0.55,0.008,4.974
0.555,0.016,5.534
0.56,0.024,6.327
0.5650000000000001,0.05,6.972
0.5700000000000001,0.078,8.06
0.5750000000000001,0.135,8.984
0.5800000000000001,0.254,10.504
0.5850000000000001,0.327,11.935
0.5900000000000001,0.435,13.179
0.592746,0.525,14.219
0.5950000000000001,0.558,14.696
0.6000000000000001,0.664,15.729
0.6050000000000001,0.769,16.658
0.6100000000000001,0.861,17.865
0.6150000000000001,0.918,19.006
0.6200000000000001,0.957,19.624
0.6250000000000001,0.973,20.196
0.6300000000000001,0.985,20.94
0.6350000000000001,0.997,21.533
0.6400000000000001,0.998,21.725
0.6450000000000001,0.998,22.119
0.6500000000000001,1.0,22.495
0.6550000000000001,0.999,22.858
0.6600000000000001,0.999,23.407
0.6650000000000001,1.0,23.677
0.6700000000000002,1.0,23.974
0.6750000000000002,1.0,24.081
0.6800000000000002,1.0,24.46
0.6850000000000002,1.0,24.763
0.6900000000000002,1.0,24.881
0.6950000000000002,1.0,25.105
0.7,1.0,25.35
0.75,1.0,27.268
0.8,1.0,28.928
0.8500000000000001,1.0,30.33
0.9000000000000001,1.0,31.903
0.9500000000000002,1.0,34.031
1.0000000000000002,1.0,36.144
