site_prob,perc_prob,perc_time
0.05,0.0,0.055
0.1,0.0,0.068
0.15000000000000002,0.0,0.089
0.2,0.0,0.114
0.25,0.0,0.156
0.3,0.0,0.196
0.35000000000000003,0.0,0.258
0.4,0.0,0.343
0.45,0.0,0.517
0.5,0.003,0.865
0.505,0.0,0.91
0.51,0.001,0.965
0.515,0.005,1.02
0.52,0.007,1.129
0.525,0.008,1.208
0.53,0.012,1.312
0.535,0.015,1.385
0.54,0.036,1.47
0.545,0.055,1.616
0.55,0.078,1.796
0.555,0.082,1.884
0.56,0.132,2.101
0.5650000000000001,0.167,2.264
0.5700000000000001,0.2,2.352
0.5750000000000001,0.257,2.678
0.5800000000000001,0.323,2.899
0.5850000000000001,0.364,3.021
0.5900000000000001,0.45,3.279
0.592746,0.523,3.422
0.5950000000000001,0.52,3.422
0.6000000000000001,0.642,3.785
0.6050000000000001,0.664,3.911
0.6100000000000001,0.756,4.1
0.6150000000000001,0.798,4.246
0.6200000000000001,0.838,4.401
0.6250000000000001,0.881,4.662
0.6300000000000001,0.919,4.707
0.6350000000000001,0.934,4.788
0.6400000000000001,0.961,5.012
0.6450000000000001,0.978,5.048
0.6500000000000001,0.977,5.116
0.6550000000000001,0.983,5.254
0.6600000000000001,0.987,5.407
0.6650000000000001,0.997,5.437
0.6700000000000002,0.998,5.472
0.6750000000000002,0.997,5.573
0.6800000000000002,1.0,5.638
0.6850000000000002,1.0,5.663
0.6900000000000002,1.0,5.8
0.6950000000000002,1.0,5.815
0.7,0.999,5.902
0.75,1.0,6.429
0.8,1.0,6.81
0.8500000000000001,1.0,7.315
0.9000000000000001,1.0,7.763
0.9500000000000002,1.0,8.227
1.0000000000000002,1.0,8.84
