site_prob,perc_prob,perc_time
0.05,0.0,0.02
0.1,0.0,0.024
0.15000000000000002,0.0,0.029
0.2,0.0,0.034
0.25,0.001,0.039
0.3,0.002,0.046
0.35000000000000003,0.006,0.062
0.4,0.014,0.078
0.45,0.061,0.1
0.5,0.144,0.135
0.505,0.187,0.141
0.51,0.204,0.137
0.515,0.189,0.145
0.52,0.232,0.15
0.525,0.234,0.152
0.53,0.259,0.154
0.535,0.293,0.16
0.54,0.319,0.162
0.545,0.326,0.162
0.55,0.326,0.162
0.555,0.353,0.171
0.56,0.381,0.176
0.5650000000000001,0.414,0.18
0.5700000000000001,0.439,0.179
0.5750000000000001,0.44,0.186
0.5800000000000001,0.438,0.188
0.5850000000000001,0.487,0.197
0.5900000000000001,0.488,0.191
0.592746,0.513,0.196
0.5950000000000001,0.554,0.199
0.6000000000000001,0.584,0.208
0.6050000000000001,0.575,0.206
0.6100000000000001,0.591,0.213
0.6150000000000001,0.617,0.213
0.6200000000000001,0.644,0.218
0.6250000000000001,0.661,0.253
0.6300000000000001,0.691,0.228
0.6350000000000001,0.732,0.224
0.6400000000000001,0.733,0.227
0.6450000000000001,0.745,0.226
0.6500000000000001,0.743,0.24
0.6550000000000001,0.802,0.24
0.6600000000000001,0.806,0.254
0.6650000000000001,0.818,0.252
0.6700000000000002,0.824,0.242
0.6750000000000002,0.837,0.255
0.6800000000000002,0.878,0.255
0.6850000000000002,0.873,0.25
0.6900000000000002,0.905,0.251
0.6950000000000002,0.904,0.27
0.7,0.921,0.252
0.75,0.98,0.273
0.8,0.996,0.296
0.8500000000000001,0.999,0.312
0.9000000000000001,1.0,0.325
0.9500000000000002,1.0,0.354
1.0000000000000002,1.0,0.374
